#SEED: 0.11391685204580426
SAT0,-14.499156237898475,74.16018615007096,344.5281082191084
SAT1,-9.674975516064492,3.4521784953776375,391.6211247874305
SAT2,-49.639508427435935,-99.09177376177318,611.6036894416868
SAT3,-69.4960736603892,76.45542079777778,568.9297712754009
SAT4,-56.59735960641533,-35.91515793003035,632.1990260199346
SAT5,-78.20134383932559,-173.70298146563152,399.19032428104276
SAT6,39.84081563052621,130.79266898342013,598.669754340873
SAT7,34.74438223455962,106.3767292319173,681.8773145806147
SAT8,-33.09507861498677,37.436247876528796,364.96968376517265
SAT9,84.36491267964831,-142.26239035809448,403.0490785072426
SAT10,31.64728252017484,-144.7612272064468,325.472793635288
SAT11,-49.78219841178358,-59.48948416778842,684.5411515924004
SAT12,-52.398592946704085,-89.85554249643451,696.5853400826957
SAT13,24.530465882682208,16.653676659093293,478.95731398882737
SAT14,5.5721159286712805,-18.045112507470435,687.0467985789543
SAT15,-70.57562164520347,-1.528805257279771,574.9416189078202
SAT16,-32.38358664360283,-33.6513151012401,647.6641115882694
SAT17,76.3413356522114,100.47817014405183,570.6113764792814
SAT18,24.657533237025177,-133.4554584432513,473.57465766647204
SAT19,62.769796001571194,43.588441117683914,547.1332776656
ROUTE,-83.06131756015186,19.101315071515586,83.26438118112273,150.06559874840212